INSERT ALL DATA INSIDE THE PROVIDED PARENTHESES

Key: (33333333)
Electrode Size (mm): (2.85, 2.85)
Marker Size (mm): (3.33, 3.33)
Dist to 1st electrode (mm): (0, 6.2)
Electrode to reference: [7, 3]
Reference Rotation (radians): (0.68)
Electrode Map:
0,0,0,0,1,1,1,1,1,1,0
1,1,1,1,1,1,1,1,0,0,0
1,1,1,1,1,1,1,1,0,0,0
1,1,1,1,1,1,1,1,0,1,1
1,1,1,1,1,1,1,1,1,1,1
1,1,1,1,1,1,1,1,0,1,1
1,1,1,1,1,1,1,1,0,0,0
1,1,1,1,1,1,1,1,0,1,1
1,1,1,1,1,1,1,1,1,1,1
1,1,1,1,1,1,1,1,0,1,1
1,1,1,1,1,1,1,1,0,0,0
1,1,1,1,1,1,1,1,1,1,1
1,1,1,1,1,1,1,1,1,1,1
1,0,0,0,0,1,0,0,0,0,1
1,0,0,0,0,1,0,0,0,0,1