INSERT ALL DATA INSIDE THE PROVIDED PARENTHESES

Key: (257324344)
Electrode Size (mm): (2.85, 2.85)
Marker Size (mm): (6.49, 6.49)
Dist to 1st electrode (mm): (0, 5.0)
Electrode to reference: [7, 3]
Reference Rotation (radians): (0.598)
Electrode Map:
0,0,0,0,0,1,1,1,1,1,0
1,1,1,1,1,1,1,1,0,0,0
1,1,1,1,1,1,1,1,0,0,0
1,1,1,1,1,1,1,1,0,1,1
1,1,1,1,1,1,1,1,1,1,1
1,1,1,1,1,1,1,1,0,1,1
1,1,1,1,1,1,1,1,0,0,0
1,1,1,1,1,1,1,1,0,1,1
1,1,1,1,1,1,1,1,1,1,1
1,1,1,1,1,1,1,1,0,1,1
1,1,1,1,1,1,1,1,0,0,0
1,1,1,1,1,1,1,1,1,1,1
1,1,1,1,1,1,1,1,1,1,1
1,0,0,0,0,1,0,0,0,0,1
1,0,0,0,0,1,0,0,0,0,1