INSERT ALL DATA INSIDE THE PROVIDED PARENTHESES

Key: (22222222)
Electrode Size (mm): (2.85, 2.85)
Marker Size (mm): (3.33, 3.33)
Dist to 1st electrode (mm): (6.2, 11.5)
Electrode to reference: [7, 3]
Reference Rotation (radians): (0.58147)
Electrode Map:
0,0,0,0,1,1,1,1,1,1,0
1,1,1,1,1,1,1,1,0,0,0
1,1,1,1,1,1,1,1,0,0,0
1,1,1,1,1,1,1,1,0,1,1
1,1,1,1,1,1,1,1,1,1,1
1,1,1,1,1,1,1,1,0,1,1
1,1,1,1,1,1,1,1,0,0,0
1,1,1,1,1,1,1,1,0,1,1
1,1,1,1,1,1,1,1,1,1,1
1,1,1,1,1,1,1,1,0,1,1
1,1,1,1,1,1,1,1,0,0,0
1,1,1,1,1,1,1,1,1,1,1
1,1,1,1,1,1,1,1,1,1,1
1,0,0,0,0,1,0,0,0,0,1
1,0,0,0,0,1,0,0,0,0,1