INSERT ALL DATA INSIDE THE PROVIDED PARENTHESES

Key: (11111111)
Electrode Size (mm): (2.75, 2.75)
Marker Size (mm): (6.49, 6.49)
Dist to 1st electrode (mm): (0, 8.05)
Electrode to reference: [7, 3]
Reference Rotation (radians): (.3)
Electrode Map:
0,0,0,0,0,1,1,1,1,1,0
1,1,1,1,1,1,1,1,0,0,0
1,1,1,1,1,1,1,1,0,0,0
1,1,1,1,1,1,1,1,0,1,1
1,1,1,1,1,1,1,1,1,1,1
1,1,1,1,1,1,1,1,0,1,1
1,1,1,1,1,1,1,1,0,0,0
1,1,1,1,1,1,1,1,0,1,1
1,1,1,1,1,1,1,1,1,1,1
1,1,1,1,1,1,1,1,0,1,1
1,1,1,1,1,1,1,1,0,0,0
1,1,1,1,1,1,1,1,1,1,1
1,1,1,1,1,1,1,1,1,1,1
1,0,0,0,0,1,0,0,0,0,1
1,0,0,0,0,1,0,0,0,0,1